53,14
53,13
53,12
53,11
53,10
53,9
53,8
53,7
53,6
53,5
53,4
53,3
53,2
53,1
53,0
52,3
52,2
52,1
52,0
0,511
51,3
51,2
51,1
51,0
0,510
0,509
0,508
50,3
50,2
50,1
50,0
49,3
49,2
49,1
49,0
0,507
0,506
48,3
48,2
48,1
48,0
0,505
0,504
47,3
47,2
47,1
47,0
0,503
0,502
0,501
46,3
46,2
46,1
46,0
0,500
0,499
0,498
0,497
0,496
0,495
0,494
44,131
44,130
44,129
44,128
44,127
44,126
44,125
44,124
44,123
44,122
44,121
44,120
44,119
44,118
44,117
44,116
44,115
44,114
44,113
44,112
44,111
44,110
44,109
44,108
44,107
44,106
44,105
44,104
44,103
44,102
44,101
44,100
44,99
44,98
44,97
44,96
44,95
44,94
44,93
44,92
44,91
44,90
44,89
44,88
44,87
44,86
44,85
44,84
44,83
44,82
44,81
44,80
44,79
44,78
44,77
44,76
44,75
44,74
44,73
44,72
44,71
44,70
44,69
44,68
44,67
44,66
44,65
44,64
44,35
44,34
44,33
44,32
44,31
44,30
44,29
44,28
44,27
44,26
44,25
44,24
44,23
44,22
44,21
44,20
44,19
44,18
44,17
44,16
44,15
44,14
44,13
44,12
44,11
44,10
44,9
44,8
44,7
44,6
